96.0981
74.7633
65.4878
59.4706
55.4102
51.9546
49.7447
47.6474
45.0829
43.352
41.5171
40.4965
39.1865
37.7987
37.0163
39.4972
35.3726
35.3213
37.1959
33.8358
33.3755
32.4161
31.9189
31.218
30.9483
30.5346
30.4751
29.7927
29.6982
29.5689
28.9665
28.7022
28.4945
28.3467
28.0375
27.8143
27.6858
27.4771
27.5031
27.3509
27.3979
26.9506
26.6345
26.5462
26.3986
26.3966
26.1759
26.3566
26.318
27.5716
28.3586
26.7924
25.6527
25.4741
25.3593
25.5279
25.3954
25.2592
25.1744
25.3608
25.098
24.9129
24.9473
24.9134
24.8582
24.6364
24.5828
24.525
24.5024
24.3824
24.5729
24.6452
24.3532
24.7713
24.2727
24.442
25.0231
24.4653
24.0792
23.8846
23.8702
23.8948
23.9269
23.8313
23.8372
23.7399
23.8246
23.753
23.7981
23.7776
23.7085
23.585
23.5196
23.4433
23.5296
23.3645
23.6623
23.5277
23.6574
23.287
23.2789
23.6556
23.5285
23.2795
23.5102
23.3965
23.3557
23.4661
27.4472
27.158
27.5386
24.9348
23.7637
23.3932
23.1888
23.0157
22.9912
23.0665
23.0637
23.0382
23.0316
23.0547
23.0722
23.0157
22.9854
23.0087
22.9783
22.9848
22.9583
22.9244
22.9019
22.9414
22.9317
22.82
22.827
22.7759
22.8456
22.9279
22.7761
22.8595
22.8204
22.796
22.8058
22.6948
22.5586
22.5145
22.9587
22.7438
22.5484
22.4945
